Ae=[
0.657856758272242	-0.363187780507051	28.588543027104521	0.053505066753674	0.397391914646875	-0.386024467677875	0.000000000000000	-0.055612994984369	0.385454910374813	-0.379581971682676	-0.002682873055201	-0.050334732387397	0.357868527143545	-0.019266253518772	30.641840415785556	-0.030490065294952	0.370120112700356	-0.295072645582356	0.000000000000000	-0.185272431801725	0.359451124572946	-0.292039412856911	-0.019305153194612	-0.176642612209337	0.102828132501375	-0.145944760687663	30.146930665901543	0.089133295651748	0.065030649932445	-0.062775873806565	0.000000000000000	-0.006931493073470	0.063180743905191	-0.060696354901175	0.000094429153614	-0.007141797137241	0.390789448423978	-0.322021381994367	35.260807320194786	0.239381474833557	0.414107763882018	-0.330499500990163	0.000000000000000	-0.196466636494090	0.402508516429478	-0.323566296191570	-0.019357531424481	-0.190535064629061	0.135435838718875	0.230222028859324	0.000000000000000	0.095550790420791	0.293684147253098	0.283339760773011	13.845543726085793	0.152081105980926	0.125401447018626	0.253407532387580	-0.224356068235168	0.099934900785694	-0.220665451083917	0.532039911518977	0.000000000000000	0.205796107900527	-0.272633470117885	0.777341418499312	14.390212481400770	0.299543687769146	-0.241026437143340	0.561411667805701	-0.221928478403694	0.219184366744559	0.005057433257904	-0.063064777369599	0.000000000000000	0.113825452883778	0.019618463890695	-0.108035247090120	19.664178002139735	0.176496581425539	0.002976346402610	-0.062445713168660	-0.033032861252230	0.117422693258908	-0.255947081890116	0.163632491860093	0.000000000000000	0.614471697904680	-0.319258021728738	0.199128603682941	17.111381994960801	0.931930706017917	-0.279678386156309	0.184409142202484	-0.248617398157131	0.640003288203352	0.085685502678706	-0.013946413357593	0.000000000000000	0.005795512920748	0.086146190815047	-0.007682470610016	0.000000000000000	0.004810840340163	0.170921941500729	-0.018814541260760	0.109969896193810	0.007017085525752	0.020762928519858	0.052248971886170	0.000000000000000	0.002267689779062	0.016763792873967	0.061964713450506	0.000000000000000	0.003277585463197	0.028452665226325	0.125536534770833	0.104957147358902	0.001875636487143	0.014635858574214	-0.032451923015389	0.000000000000000	0.033992008304493	0.014309621842292	-0.032915930627760	0.000000000000000	0.035370185567236	0.015696695095770	-0.037623183487160	0.134602506972029	0.041381933159698	0.021060761500528	-0.007007802843177	0.000000000000000	0.060469144820262	0.016407007338657	-0.002010820969814	0.000000000000000	0.066739965055839	0.029052176590921	-0.009661514686531	0.115514442622707	0.135466300014925	;
0.516106981842145	0.003265095645545	28.588543027104521	0.275907413699556	0.220289806267586	0.022467714685661	-1.113572230383328	0.171055503319818	0.000000000000000	0.000000000000000	0.000000000000000	0.000000000000000	-0.171410296038016	0.633493062450898	30.641840415785556	0.383561736259300	-0.203075011045707	0.401841541435175	-1.178450263413808	0.246040500925380	0.000000000000000	0.000000000000000	0.000000000000000	0.000000000000000	0.080618530262694	-0.233597639053297	30.146930665901543	0.258235760521940	0.036895959129224	-0.145537872778926	-0.173256791616025	0.164535371229293	0.000000000000000	0.000000000000000	0.000000000000000	0.000000000000000	-0.187641735870346	-0.098281550546055	35.260807320194786	1.145292893783087	-0.213643182762758	-0.064202579661217	-1.284505733150534	0.734034886012604	0.000000000000000	0.000000000000000	0.000000000000000	0.000000000000000	0.102563739846784	0.187705889754661	0.000000000000000	-0.007535648794691	0.184206906746236	0.191963110701361	0.065622654722765	-0.004915570187396	0.000000000000000	0.000000000000000	0.000000000000000	0.000000000000000	-0.127451147097338	0.382603163271390	0.000000000000000	0.063214775604591	-0.126958082572527	0.466836386416016	0.075666132543066	0.068394204917953	0.000000000000000	0.000000000000000	0.000000000000000	0.000000000000000	0.026801373542689	-0.037774781339840	0.000000000000000	0.018227179165917	0.030502729927831	-0.046728061672710	0.346160161746618	0.027409927558083	0.000000000000000	0.000000000000000	0.000000000000000	0.000000000000000	-0.152898048010288	0.140163860587633	0.000000000000000	0.329609927833110	-0.153573050318455	0.145451670167434	0.075072986152729	0.414629243599520	0.000000000000000	0.000000000000000	0.000000000000000	0.000000000000000	0.000000000000000	0.000000000000000	0.000000000000000	0.000000000000000	0.000000000000000	0.000000000000000	0.000000000000000	0.000000000000000	94.731535994237433	119.429736340820540	-41.718291651183996	-208.184438174972655	0.000000000000000	0.000000000000000	0.000000000000000	0.000000000000000	0.000000000000000	0.000000000000000	0.000000000000000	0.000000000000000	90.048891507681162	136.254805285817469	-52.637473051675407	-239.259068646404444	0.000000000000000	0.000000000000000	0.000000000000000	0.000000000000000	0.000000000000000	0.000000000000000	0.000000000000000	0.000000000000000	7.008166922950468	-24.153609132088750	116.556864035070944	33.924402104243981	0.000000000000000	0.000000000000000	0.000000000000000	0.000000000000000	0.000000000000000	0.000000000000000	0.000000000000000	0.000000000000000	84.868260895967680	39.563255929205347	9.384824118957976	-152.039132876773635	;
0.447496172931750	-0.494756627713737	13.845543726085793	-0.050156238112104	0.299326839453977	-0.541103331507045	0.000000000000000	-0.107150764257890	0.282817073184459	-0.523196351350261	-0.010663411091244	-0.097061021471039	0.434899156598379	-0.392424579205840	14.390212481400770	-0.231136490017322	0.483588950505721	-0.618829499379440	0.000000000000000	-0.322921750809497	0.460306364773663	-0.599109659783930	-0.025090058783361	-0.303586596692974	0.068914200264299	-0.059428496851961	19.664178002139735	-0.022113174141800	0.055178950989224	-0.017977144826320	0.000000000000000	-0.080157541430271	0.052489779449698	-0.016889195734626	-0.001616536282678	-0.077028048345126	0.500449840649972	-0.399757639880851	17.111381994960801	-0.291912462147289	0.559351989428585	-0.433940045676419	0.000000000000000	-0.588699185916995	0.533231814304208	-0.418344704263016	-0.026205871247535	-0.561791765063557	0.656214597846770	0.032900655198683	0.000000000000000	0.073462911291953	1.047413736274872	-0.122822678894219	13.950421627525676	0.149286484377490	0.649108930525072	0.066932961945609	-0.607393265381807	0.069534792097229	-0.044222822461290	0.727528137472334	0.000000000000000	0.087204480267707	0.039312053766498	0.898164284534695	11.566684428901558	0.123777596147166	-0.067996875351744	0.772634731457941	-0.495740853215066	0.094479344943889	0.041788256906043	-0.128930514682613	0.000000000000000	0.171073566532079	0.075690666240684	-0.196072512427078	22.270269974177722	0.238318984138994	0.039346729041350	-0.128634643119185	-0.079765908311751	0.175849201192576	-0.053655581600663	-0.001628748349276	0.000000000000000	0.830919618158039	0.045898066906580	-0.118896420667018	5.129944468324894	1.144514260772094	-0.082126231105249	0.026026465816089	-0.579808424238534	0.859996636347105	0.132466630101908	-0.050254532458293	0.000000000000000	0.010772478076117	0.134324443545821	-0.043203307197571	0.000000000000000	0.007517838756967	0.272914697733266	-0.101301448861088	0.239440155375060	0.020351217764126	0.044276759857019	0.044381927262837	0.000000000000000	-0.006278787851540	0.041027232103176	0.055552935097082	0.000000000000000	-0.007801539215644	0.079983002247995	0.105808867909113	0.203599910904988	-0.013309977043215	0.033948692125347	-0.074624117618456	0.000000000000000	0.079483335528033	0.032601878507566	-0.075426746848869	0.000000000000000	0.083569756701185	0.027823302519115	-0.070852471627575	0.153913348299078	0.083456749349342	0.048510087755823	-0.027572427369662	0.000000000000000	0.060314290954915	0.044681742188572	-0.021664567760246	0.000000000000000	0.064312090279757	0.090431282788258	-0.063029513076921	0.231693410465645	0.144382814612592	;
